// oracle @ edgewille
15158 - 3085 3504 0
// oracle @ ge
15158 - 3165 3477 0
// oracle of darkness
//15185 - 3194 3922 0
//donator zone
//fish
9711 - 3450 3728 0
952 - 3812 4407 1
327 - 3809 4407 1
6267 - 3812 4404 1
328 - 3809 4404 1
312 - 3809 4402 1
313 - 3812 4402 1
313 - 3809 4399 1
312 - 3812 4399 1
8841 - 3805 4404 1
8841 - 3805 4407 1
8841 - 3802 4407 1
8841 - 3802 4404 1
8842 - 3804 4401 1
8842 - 3804 4399 1
8842 - 3802 4399 1
8842 - 3802 4401 1
//entrance
3811 - 3781 4378 1
1419 - 3785 4385 1
20366 - 3784 4362 1
5445 - 3783 4362 1
5445 - 3784 4361 1
5445 - 3785 4362 1
//dung
10257 - 3436 3727 0
10257 - 3436 3729 0
10257 - 3436 3732 0
10257 - 3433 3732 0
10257 - 3431 3730 0
10257 - 3431 3727 0
10257 - 3433 3727 0
10257 - 3429 3728 0
10257 - 3429 3730 0
10257 - 3429 3732 0
//med
10859 - 3436 3740 0
10859 - 3438 3740 0
10859 - 3440 3740 0
10859 - 3440 3742 0
10859 - 3439 3744 0
10859 - 3437 3745 0
10859 - 3435 3746 0
//hard
10905 - 3469 3728 0
10905 - 3470 3734 0
10905 - 3470 3735 0
10905 - 3467 3734 0
10905 - 3465 3731 0
10905 - 3465 3728 0
10905 - 3462 3727 0
10905 - 3462 3729 0
10905 - 3462 3731 0
10905 - 3462 3733 0
10905 - 3462 3735 0
//home
47173 - 2855 3540 3
6552 - 3098 3504 0
47120 - 3101 3503 0