//use: Object type rotation - x y plane boolean clip
//priff floor two
409 10 0 - 2207 3368 2
//(craft/smith/cook/fm)
90271 10 0 - 3815 4387 1
2782 10 2 - 3808 4391 1
6189 10 1 - 3810 4390 1
2642 10 0 - 3806 4389 1
2644 10 3 - 3806 4388 1
3198 10 0 - 3807 4386 1
114 10 2 - 3815 4385 1
88246 10 0 - 3810 4387 1
//mining
45076 10 0 - 3763 4379 1
5999 10 0 - 3760 4379 1
90271 10 2 - 3762 4387 1
90271 10 3 - 3757 4382 1
90271 10 0 - 3752 4386 1
90271 10 1 - 3757 4392 1
2560 10 0 - 3751 4379 1
2560 10 0 - 3750 4379 1
2560 10 0 - 3749 4379 1
2560 10 0 - 3748 4380 1
2560 10 0 - 3748 4381 1
2560 10 0 - 3748 4382 1
2560 10 0 - 3750 4381 1
92713 10 0 - 3766 4391 1
92713 10 0 - 3766 4392 1
92713 10 0 - 3766 4393 1
92713 10 0 - 3764 4394 1
92713 10 0 - 3763 4394 1
92713 10 0 - 3762 4394 1
92713 10 0 - 3764 4392 1
2104 10 0 - 3751 4395 1
14859 10 0 - 3750 4395 1
2104 10 0 - 3749 4395 1
2104 10 0 - 3748 4394 1
14859 10 0 - 3748 4393 1
2104 10 0 - 3748 4392 1
14859 10 0 - 3750 4393 1
2090 10 0 - 3746 4392 1
2094 10 0 - 3746 4393 1
2092 10 0 - 3745 4395 1
2092 10 0 - 3744 4394 1
2100 10 0 - 3743 4393 1
2100 10 0 - 3743 4395 1
2100 10 0 - 3741 4394 1
2096 10 0 - 3740 4393 1
2096 10 0 - 3739 4392 1
2096 10 0 - 3739 4391 1
2102 10 0 - 3739 4390 1
2102 10 0 - 3739 4389 1
2102 10 0 - 3739 4387 1
2102 10 0 - 3739 4386 1
2098 10 0 - 3740 4385 1
2098 10 0 - 3741 4385 1
2098 10 0 - 3742 4385 1
2098 10 0 - 3741 4387 1
2092 10 0 - 3743 4385 1
2092 10 0 - 3744 4385 1
2092 10 0 - 3745 4386 1
2094 10 0 - 3746 4387 1
2090 10 0 - 3746 4388 1
2108 10 0 - 3743 4389 1
2108 10 0 - 3742 4391 1
2108 10 0 - 3741 4389 1
//rc / prayer / cons 
79519 10 0 - 3764 4416 1
79520 10 0 - 3764 4412 1
26847 10 0 - 3758 4415 1
16684 10 0 - 3759 4408 1
16684 10 3 - 3753 4408 1
13197 10 3 - 3750 4410 1
90271 10 2 - 3750 4414 1
93284 10 0 - 3750 4417 1
//woodcutting
87508 10 0 - 3793 4420 1
87508 10 0 - 3793 4431 1
46320 5 1 - 3790 4435 1
46320 5 1 - 3789 4435 1
46320 5 1 - 3788 4435 1
46320 5 1 - 3787 4435 1
46320 5 1 - 3786 4435 1
46320 5 1 - 3785 4435 1
1306 10 0 - 3779 4434 1
1306 10 0 - 3779 4431 1
1306 10 0 - 3779 4426 1
1309 10 0 - 3779 4422 1
1309 10 0 - 3783 4420 1
139 10 0 - 3787 4420 1
139 10 0 - 3792 4421 1
139 10 0 - 3788 4422 1
139 10 0 - 3789 4420 1
88246 10 0 - 3790 4428 1
66668 10 0 - 3787 4428 1
//fish
47150 10 0 - 3809 4399 1
47150 10 0 - 3802 4399 1
47150 10 0 - 3802 4404 1
47150 10 0 - 3809 4404 1
90271 10 0 - 3807 4402 1
//summoning room
90271 10 0 - 3791 4394 1
90271 10 2 - 3784 4394 1
67036 10 0 - 3786 4403 1
63208 10 3 - 3785 4407 1
63208 10 3 - 3786 4407 1
92915 10 0 - 3786 4412 1
//entrance
1317 10 0 - 3790 4377 1
187 10 0 - 3781 4378 1
12128 22 0 - 3795 4387 1
92120 10 0 - 3779 4387 1
92413 10 3 - 3792 4390 1
92414 10 3 - 3790 4390 1
93249 10 3 - 3784 4390 1
92696 10 3 - 3782 4390 1
//death
-1 10 0 - 413 679 0
45802 10 3 - 413 680 0
9139 10 0 - 410 678 0
9139 10 0 - 409 678 0
9139 10 0 - 418 678 0
9139 10 0 - 419 678 0
4483 10 0 - 415 677 0
92120 10 0 - 2219 3368 1
//crafting guild
4483 10 2 - 2936 3279 0
//rune essence portals
2503 10 0 - 2927 4827 0
2503 10 0 - 2887 4818 0
2503 10 0 - 2891 4857 0
2503 10 0 - 2926 4842 0
12309 10 3 - 3219 9623 0
4483 10 2 - 3086 3523 0
-1 10 0 - 2329 3686 0
-1 10 0 - 2327 3686 0
-1 10 0 - 2327 3687 0
-1 10 0 - 2327 3689 0
-1 10 0 - 2327 3691 0
-1 10 0 - 2327 3693 0
-1 10 0 - 2328 3693 0
-1 10 0 - 2329 3693 0
-1 10 0 - 2330 3693 0
-1 10 0 - 2331 3693 0
-1 10 0 - 2332 3693 0
-1 10 0 - 2332 3692 0
-1 10 0 - 2332 3691 0
-1 10 0 - 2331 3692 0
-1 10 0 - 2330 3692 0
-1 10 0 - 2332 3687 0
-1 10 0 - 2332 3686 0
-1 10 0 - 2333 3686 0
-1 10 0 - 2333 3692 0
-1 10 0 - 2333 3693 0
-1 10 0 - 2336 3691 0
-1 10 0 - 2338 3690 0
-1 10 0 - 2338 3689 0
-1 10 0 - 2339 3688 0
-1 10 0 - 2340 3688 0
-1 10 0 - 2341 3688 0
-1 10 0 - 2341 3689 0
-1 10 0 - 2340 3689 0
-1 10 0 - 2339 3689 0
-1 10 0 - 2339 3690 0
-1 10 0 - 2340 3690 0
-1 10 0 - 2341 3690 0
-1 10 0 - 2342 3690 0
-1 10 0 - 2342 3689 0
-1 10 0 - 2344 3688 0
-1 10 0 - 2341 3692 0
-1 10 0 - 2340 3691 0
-1 10 0 - 2338 3678 0
-1 10 0 - 2339 3678 0
-1 10 0 - 2341 3675 0
-1 10 0 - 2345 3678 0
-1 10 0 - 2346 3678 0
-1 10 0 - 2346 3677 0
-1 10 0 - 2346 3674 0
-1 10 0 - 2346 3673 0
-1 10 0 - 2345 3673 0
-1 10 0 - 2343 3673 0
-1 10 0 - 2342 3673 0
-1 10 0 - 2341 3673 0
-1 10 0 - 2340 3673 0
-1 10 0 - 2339 3673 0
-1 10 0 - 2338 3673 0
-1 10 0 - 2338 3674 0
-1 10 0 - 2339 3674 0
-1 10 0 - 2341 3672 0
-1 10 0 - 2344 3672 0
-1 10 0 - 2345 3672 0
-1 10 0 - 2346 3668 0
-1 10 0 - 2347 3667 0
-1 10 0 - 2346 3667 0
-1 10 0 - 2345 3667 0
-1 10 0 - 2345 3666 0
-1 10 0 - 2346 3666 0
-1 10 0 - 2346 3665 0
-1 10 0 - 2345 3665 0
-1 10 0 - 2343 3675 0
-1 10 0 - 2347 3668 0
-1 10 0 - 2347 3666 0
-1 10 0 - 2332 3670 0
-1 10 0 - 2330 3670 0
-1 10 0 - 2328 3670 0
-1 10 0 - 2328 3666 0
-1 10 0 - 2330 3666 0
-1 10 0 - 2325 3666 0
-1 10 0 - 2318 3672 0
-1 10 0 - 2320 3672 0
-1 10 0 - 2321 3672 0
-1 10 0 - 2321 3671 0
-1 10 0 - 2320 3671 0
-1 10 0 - 2321 3670 0
-1 10 0 - 2333 3666 0
-1 10 0 - 2316 3678 0
-1 10 0 - 2321 3678 0
-1 10 0 - 2320 3680 0
-1 10 0 - 2320 3682 0
-1 10 0 - 2320 3684 0
-1 10 0 - 2320 3686 0
-1 10 0 - 2320 3688 0
-1 10 0 - 2316 3688 0
-1 10 0 - 2316 3686 0
-1 10 0 - 2316 3684 0
-1 10 0 - 2316 3682 0
-1 10 0 - 2316 3680 0
-1 10 0 - 2316 3689 0
-1 10 0 - 2321 3689 0
-1 10 0 - 2326 3691 0
-1 10 0 - 2354 3682 0
-1 10 0 - 2355 3681 0
-1 10 0 - 2352 3681 0
-1 10 0 - 2355 3679 0
-1 10 0 - 2355 3678 0
-1 10 0 - 2355 3677 0
-1 10 0 - 2356 3677 0
-1 10 0 - 2356 3685 0
-1 10 0 - 2356 3684 0
-1 10 0 - 2355 3684 0
-1 10 0 - 2352 3684 0
-1 10 0 - 2356 3688 0
-1 10 0 - 2355 3692 0
-1 10 0 - 2355 3695 0
-1 10 0 - 2356 3700 0
-1 10 0 - 2354 3702 0
-1 10 0 - 2353 3682 0
-1 10 0 - 2342 3679 0
-1 10 0 - 2316 3670 0
-1 10 0 - 2354 3692 0
-1 10 0 - 2355 3694 0
-1 10 0 - 2332 3689 0
25808 10 0 - 2332 3687 0
25808 10 0 - 2331 3687 0
25809 10 0 - 2330 3687 0
25808 10 0 - 2329 3687 0
25808 10 0 - 2328 3687 0
25809 10 0 - 2327 3687 0
409 10 2 - 2329 3685 0
94230 10 0 - 2343 3690 0
66532 10 0 - 2339 3692 0
2783 10 0 - 2342 3675 0
87520 10 0 - 2317 3694 0
92713 10 0 - 2344 3670 0
92713 10 0 - 2341 3670 0
92713 10 0 - 2338 3670 0
5999 10 0 - 2339 3666 0
37821 10 0 - 2313 3699 0
873 10 0 - 2316 3671 0
2732 10 0 - 2325 3696 0
4483 10 1 - 2642 10411 0
4483 10 1 - 4485 6263 1
-1 10 0 - 2913 5203 0
89682 10 0 - 3811 3528 0
-1 10 0 - 3809 3529 0
-1 10 0 - 2849 5151 0
-1 10 0 - 2849 5152 0
-1 10 0 - 2143 3351 1
782 10 0 - 4191 6307 0
2213 10 0 - 4191 6308 0
76274 10 0 - 4191 6306 0
2133 10 0 - 4190 6307 0